cam0:
  cam_overlaps: [1]
  camera_model: pinhole
  distortion_coeffs: [-0.294912216660939, 0.08519390931620502, 0.0006007412419660653,
    -0.00013301096562213466]
  distortion_model: radtan
  intrinsics: [460.2026582023472, 460.03280622995567, 364.6696989025347, 245.06524384456873]
  resolution: [752, 480]
  rostopic: /cam0/image_raw
cam1:
  T_cn_cnm1:
  - [0.9999965059791184, 0.0023684815271122883, 0.0011740207817076726, -0.1099205162012991]
  - [-0.002384744178040736, 0.9998984519922531, 0.014049864721272525, 0.0002888053209313859]
  - [-0.0011406247171854848, -0.014052615369975987, 0.9999006065487225, -0.00017540559481643575]
  - [0.0, 0.0, 0.0, 1.0]
  cam_overlaps: [0]
  camera_model: pinhole
  distortion_coeffs: [-0.2929097975426335, 0.0837519854227472, 0.0004544777981521998,
    -1.5752147686857926e-05]
  distortion_model: radtan
  intrinsics: [458.8576896940234, 458.68794170806575, 377.05381063481383, 251.95840989112463]
  resolution: [752, 480]
  rostopic: /cam1/image_raw
