cam0:
  cam_overlaps: [1]
  camera_model: omni
  distortion_coeffs: [-0.0730433736401424, 0.5413141803978837, 0.00243327793976393,
    0.0013862465930573487]
  distortion_model: radtan
  intrinsics: [1.858174639188435, 790.0775175221825, 789.8025204073108, 309.6891555179838,
    202.42939617292635]
  resolution: [640, 400]
  rostopic: /xv_sdk/xv_dev/fisheye_cameras/right/image
cam1:
  T_cn_cnm1:
  - [0.9999527432504489, 0.009642308953917652, 0.0012398160900192912, -0.049976581034849026]
  - [-0.009640510269628286, 0.9999524798583732, -0.0014486500022713653, -0.0001607324231368794]
  - [-0.0012537255046710975, 0.0014366290840327406, 0.9999981821329637, -0.0009892706470414317]
  - [0.0, 0.0, 0.0, 1.0]
  cam_overlaps: [0]
  camera_model: omni
  distortion_coeffs: [-0.044080506502982834, 0.413395885478564, 0.003786535709994979,
    0.00048383269001091045]
  distortion_model: radtan
  intrinsics: [1.8593239819403555, 793.7912476110628, 793.8868980027194, 320.2018701304304,
    210.42494746985793]
  resolution: [640, 400]
  rostopic: /xv_sdk/xv_dev/fisheye_cameras/left/image
