cam0:
  cam_overlaps: [1]
  camera_model: pinhole
  distortion_coeffs: [0,0,0,0]
  distortion_model: radtan
  intrinsics: [390.002380371094, 390.002380371094, 323.030731201172, 237.355239868164]
  resolution: [640, 400]
  rostopic: /camera/infra1/image_rect_raw
cam1:
  T_cn_cnm1:
  - [1, 0, 0, -0.0499963387846947]
  - [0, 1, 0, 0]
  - [0, 0, 1, 0]
  - [0, 0, 0, 1]
  cam_overlaps: [0]
  camera_model: pinhole
  distortion_coeffs: [0,0,0,0]
  distortion_model: radtan
  intrinsics: [390.002380371094, 390.002380371094, 323.030731201172, 237.355239868164]
  resolution: [640, 400]
  rostopic: /camera/infra2/image_rect_raw
