cam0:
  T_cam_imu:
  - [0.002117031136286307, -0.9999624964477135, -0.008397849559604598, 0.027531318032891727]
  - [-0.030950467897615908, 0.008328324165031875, -0.9994862217927378, -0.04957591196688848]
  - [0.9995186775223801, 0.0023758608250279423, -0.03093167582355419, -0.07759073974743658]
  - [0.0, 0.0, 0.0, 1.0]
  cam_overlaps: [1]
  camera_model: pinhole
  distortion_coeffs: [0, 0, 0, 0]
  distortion_model: radtan
  intrinsics: [390.002380371094, 390.002380371094, 323.030731201172, 237.355239868164]
  resolution: [640, 400]
  rostopic: /camera/infra1/image_rect_raw
  timeshift_cam_imu: -0.0035290920667578147
cam1:
  T_cam_imu:
  - [0.002117031136286307, -0.9999624964477131, -0.008397849559604598, -0.022465020751802973]
  - [-0.030950467897615908, 0.008328324165031875, -0.9994862217927374, -0.04957591196688848]
  - [0.9995186775223797, 0.0023758608250279423, -0.03093167582355419, -0.07759073974743658]
  - [0.0, 0.0, 0.0, 1.0]
  T_cn_cnm1:
  - [1.0, 0.0, 0.0, -0.0499963387846947]
  - [0.0, 1.0, 0.0, 0.0]
  - [0.0, 0.0, 1.0, 0.0]
  - [0.0, 0.0, 0.0, 1.0]
  cam_overlaps: [0]
  camera_model: pinhole
  distortion_coeffs: [0, 0, 0, 0]
  distortion_model: radtan
  intrinsics: [390.002380371094, 390.002380371094, 323.030731201172, 237.355239868164]
  resolution: [640, 400]
  rostopic: /camera/infra2/image_rect_raw
  timeshift_cam_imu: -0.003549789304668509
