%YAML:1.0
---
type: IMU
name: px4imu
Gyr:
   unit: " rad/s"
   avg-axis:
      gyr_n: 1.3992737556383500e-03
      gyr_w: 6.6045706138030409e-05
   x-axis:
      gyr_n: 1.4561357250685049e-03
      gyr_w: 9.0732786808917943e-05
   y-axis:
      gyr_n: 1.1261443437433347e-03
      gyr_w: 1.2554986741394474e-05
   z-axis:
      gyr_n: 1.6155411981032108e-03
      gyr_w: 9.4849344863778823e-05
Acc:
   unit: " m/s^2"
   avg-axis:
      acc_n: 1.8393330626512921e-02
      acc_w: 8.2299609286457453e-04
   x-axis:
      acc_n: 2.4308031774828119e-02
      acc_w: 9.8784233029897161e-04
   y-axis:
      acc_n: 1.3825029167691499e-02
      acc_w: 4.5796460966984396e-04
   z-axis:
      acc_n: 1.7046930937019148e-02
      acc_w: 1.0231813386249085e-03
