cam0:
  T_cam_imu:
  - [0.9998302387623166, -0.018028526171144164, -0.0038034064449724188, 0.02186606359115863]
  - [-0.017987889323669605, -0.9997834795532041, 0.010460872342581586, 0.02390944545777036]
  - [-0.003991177040510836, -0.010390681237760364, -0.9999380502057349, -0.00903154892613515]
  - [0.0, 0.0, 0.0, 1.0]
  cam_overlaps: [1]
  camera_model: pinhole
  distortion_coeffs: [0, 0, 0, 0]
  distortion_model: radtan
  intrinsics: [390.002380371094, 390.002380371094, 323.030731201172, 237.355239868164]
  resolution: [640, 400]
  rostopic: /camera/infra1/image_rect_raw
  timeshift_cam_imu: 0.0021010749119544795
cam1:
  T_cam_imu:
  - [0.9998302387623166, -0.018028526171144164, -0.0038034064449724188, -0.02813027519353607]
  - [-0.017987889323669605, -0.9997834795532041, 0.010460872342581586, 0.02390944545777036]
  - [-0.003991177040510836, -0.010390681237760364, -0.9999380502057349, -0.00903154892613515]
  - [0.0, 0.0, 0.0, 1.0]
  T_cn_cnm1:
  - [1.0, 0.0, 0.0, -0.0499963387846947]
  - [0.0, 1.0, 0.0, 0.0]
  - [0.0, 0.0, 1.0, 0.0]
  - [0.0, 0.0, 0.0, 1.0]
  cam_overlaps: [0]
  camera_model: pinhole
  distortion_coeffs: [0, 0, 0, 0]
  distortion_model: radtan
  intrinsics: [390.002380371094, 390.002380371094, 323.030731201172, 237.355239868164]
  resolution: [640, 400]
  rostopic: /camera/infra2/image_rect_raw
  timeshift_cam_imu: 0.0020942039628784365
