cam0:
  T_cam_imu:
  - [-0.9999848074339112, 0.0022075549665254227, 0.0050509011505338085, 0.03373798871405828]
  - [-0.002180375820289031, -0.9999831493340575, 0.0053802424872197545, 0.004307524789733424]
  - [0.005062693220509587, 0.0053691478847909015, 0.9999727703234451, -0.0023560707019865974]
  - [0.0, 0.0, 0.0, 1.0]
  cam_overlaps: [1]
  camera_model: omni
  distortion_coeffs: [-0.09779482882520649, 0.49613817591180853, 0.001997625115309874,
    -0.0013355712819770515]
  distortion_model: radtan
  intrinsics: [1.787834241220874, 774.0296906695784, 773.5172723077987, 312.0137799575718,
    203.34066991604752]
  resolution: [640, 400]
  rostopic: /xv_sdk/xv_dev/fisheye_cameras/right/image
  timeshift_cam_imu: -0.0019470412747500708
cam1:
  T_cam_imu:
  - [-0.9998988521608426, -0.007509973327683101, 0.012078317268859712, -0.0163742990489427]
  - [0.0075344595986447695, -0.9999696492216917, 0.001983066817707266, 0.003633563599770924]
  - [0.012063057903621952, 0.002073869828265587, 0.9999250880430741, -0.0021741784232214238]
  - [0.0, 0.0, 0.0, 1.0]
  T_cn_cnm1:
  - [0.9999280888391193, 0.009754986335361603, 0.0069754850827499605, -0.0501354467344943]
  - [-0.009731816821912247, 0.9999470404939985, -0.0033478274500042455, -0.00035328885764285734]
  - [-0.007007773675533809, 0.0032797025607765895, 0.9999700668816152, 0.0004041225433142692]
  - [0.0, 0.0, 0.0, 1.0]
  cam_overlaps: [0]
  camera_model: omni
  distortion_coeffs: [-0.05454379231255376, 0.330080032052903, 0.0017729025820367877,
    -0.00040082602370264164]
  distortion_model: radtan
  intrinsics: [1.8045872235794047, 784.5147297895924, 783.900189997403, 320.65178572566657,
    212.48084208535332]
  resolution: [640, 400]
  rostopic: /xv_sdk/xv_dev/fisheye_cameras/left/image
  timeshift_cam_imu: -0.0019816601860814273
