cam0:
  T_cam_imu:
  - [0.02205324442133591, -0.9997544435925623, -0.0021695454404238035, 0.029783751562735564]
  - [-0.008563434100810896, 0.0019810965980114337, -0.9999613706802226, -0.0436614010595152]
  - [0.9997201218375535, 0.02207097127891272, -0.00851764168719965, -0.07052307372995681]
  - [0.0, 0.0, 0.0, 1.0]
  cam_overlaps: [1]
  camera_model: pinhole
  distortion_coeffs: [0, 0, 0, 0]
  distortion_model: radtan
  intrinsics: [390.002380371094, 390.002380371094, 323.030731201172, 237.355239868164]
  resolution: [640, 400]
  rostopic: /camera/infra1/image_rect_raw
  timeshift_cam_imu: -0.007059134413750848
cam1:
  T_cam_imu:
  - [0.02205324442133591, -0.9997544435925627, -0.0021695454404238035, -0.020212587221959136]
  - [-0.008563434100810896, 0.0019810965980114337, -0.9999613706802231, -0.0436614010595152]
  - [0.999720121837554, 0.02207097127891272, -0.00851764168719965, -0.07052307372995681]
  - [0.0, 0.0, 0.0, 1.0]
  T_cn_cnm1:
  - [1.0, 0.0, 0.0, -0.0499963387846947]
  - [0.0, 1.0, 0.0, 0.0]
  - [0.0, 0.0, 1.0, 0.0]
  - [0.0, 0.0, 0.0, 1.0]
  cam_overlaps: [0]
  camera_model: pinhole
  distortion_coeffs: [0, 0, 0, 0]
  distortion_model: radtan
  intrinsics: [390.002380371094, 390.002380371094, 323.030731201172, 237.355239868164]
  resolution: [640, 400]
  rostopic: /camera/infra2/image_rect_raw
  timeshift_cam_imu: -0.00705675934121742
