cam0:
  cam_overlaps: [1]
  camera_model: pinhole
  distortion_coeffs: [0.023882608130850174, -0.04886744118490774, 0.048355217549724584,
    -0.015471435028281104]
  distortion_model: equidistant
  intrinsics: [271.1712925750823, 270.90952217070924, 308.7214596044431, 204.26442056132177]
  resolution: [640, 400]
  rostopic: /xv_sdk/xv_dev/fisheye_cameras/right/image
cam1:
  T_cn_cnm1:
  - [0.9999312136846481, 0.009968892992344474, -0.006179730710734792, -0.050257589952200886]
  - [-0.010007181868813931, 0.9999307290822318, -0.006196236609767006, -0.0006195937085307672]
  - [0.0061175330153988745, 0.0062576520826041785, 0.9999617080569746, 0.0014928206363595765]
  - [0.0, 0.0, 0.0, 1.0]
  cam_overlaps: [0]
  camera_model: pinhole
  distortion_coeffs: [0.009845273571468178, 0.0024685241925400322, -0.010047177978834162,
    0.005716483290460378]
  distortion_model: equidistant
  intrinsics: [274.5795241421426, 274.59927782905305, 320.6460220547779, 214.3533825106853]
  resolution: [640, 400]
  rostopic: /xv_sdk/xv_dev/fisheye_cameras/left/image
