cam0:
  T_cam_imu:
  - [0.9998478394156685, -0.01706311923237975, -0.003626014048476079, 0.021760219286690006]
  - [-0.017014339676912446, -0.9997696512694443, 0.013082684966429529, 0.024427283397860378]
  - [-0.003848410214204888, -0.013019000062746392, -0.9999078434416784, -0.012445448467952888]
  - [0.0, 0.0, 0.0, 1.0]
  cam_overlaps: [1]
  camera_model: pinhole
  distortion_coeffs: [0, 0, 0, 0]
  distortion_model: radtan
  intrinsics: [390.002380371094, 390.002380371094, 323.030731201172, 237.355239868164]
  resolution: [640, 400]
  rostopic: /camera/infra1/image_rect_raw
  timeshift_cam_imu: -0.0011577546146628575
cam1:
  T_cam_imu:
  - [0.9998478394156693, -0.017063119232379763, -0.0036260140484760824, -0.028236119498004694]
  - [-0.01701433967691246, -0.9997696512694452, 0.013082684966429541, 0.024427283397860378]
  - [-0.0038484102142048913, -0.013019000062746405, -0.9999078434416793, -0.012445448467952888]
  - [0.0, 0.0, 0.0, 1.0]
  T_cn_cnm1:
  - [1.0, 0.0, 0.0, -0.0499963387846947]
  - [0.0, 1.0, 0.0, 0.0]
  - [0.0, 0.0, 1.0, 0.0]
  - [0.0, 0.0, 0.0, 1.0]
  cam_overlaps: [0]
  camera_model: pinhole
  distortion_coeffs: [0, 0, 0, 0]
  distortion_model: radtan
  intrinsics: [390.002380371094, 390.002380371094, 323.030731201172, 237.355239868164]
  resolution: [640, 400]
  rostopic: /camera/infra2/image_rect_raw
  timeshift_cam_imu: -0.0010891590645373632
