cam0:
  T_cam_imu:
  - [-0.0006389427797280078, -0.999974223700296, -0.007151481463022857, 0.025256225315743324]
  - [-0.04411607743195828, 0.007172707255512861, -0.9990006626537569, -0.05025407310571818]
  - [0.9990262075962486, -0.0003228089503701792, -0.044119523232236724, -0.07788425533391327]
  - [0.0, 0.0, 0.0, 1.0]
  cam_overlaps: [1]
  camera_model: pinhole
  distortion_coeffs: [0, 0, 0, 0]
  distortion_model: radtan
  intrinsics: [390.002380371094, 390.002380371094, 323.030731201172, 237.355239868164]
  resolution: [640, 400]
  rostopic: /camera/infra1/image_rect_raw
  timeshift_cam_imu: -0.009725928691759159
cam1:
  T_cam_imu:
  - [-0.0006389427797280078, -0.9999742237002955, -0.007151481463022857, -0.024740113468951375]
  - [-0.04411607743195828, 0.007172707255512861, -0.9990006626537564, -0.05025407310571818]
  - [0.9990262075962482, -0.0003228089503701792, -0.044119523232236724, -0.07788425533391327]
  - [0.0, 0.0, 0.0, 1.0]
  T_cn_cnm1:
  - [1.0, 0.0, 0.0, -0.0499963387846947]
  - [0.0, 1.0, 0.0, 0.0]
  - [0.0, 0.0, 1.0, 0.0]
  - [0.0, 0.0, 0.0, 1.0]
  cam_overlaps: [0]
  camera_model: pinhole
  distortion_coeffs: [0, 0, 0, 0]
  distortion_model: radtan
  intrinsics: [390.002380371094, 390.002380371094, 323.030731201172, 237.355239868164]
  resolution: [640, 400]
  rostopic: /camera/infra2/image_rect_raw
  timeshift_cam_imu: -0.009767816601458174
