cam0:
  T_cam_imu:
  - [0.01463845473349129, 0.9996803791167244, -0.020612017175841553, 0.06603640528853195]
  - [-0.9998718110365041, 0.01476876855566428, 0.006184251768003031, -0.014063278181460376]
  - [0.006486689263125926, 0.020518847053157804, 0.99976842307507, -0.0017489986376647629]
  - [0.0, 0.0, 0.0, 1.0]
  cam_overlaps: [1]
  camera_model: pinhole
  distortion_coeffs: [-0.294912216660939, 0.08519390931620502, 0.0006007412419660653,
    -0.00013301096562213466]
  distortion_model: radtan
  intrinsics: [460.2026582023472, 460.03280622995567, 364.6696989025347, 245.06524384456873]
  resolution: [752, 480]
  rostopic: /cam0/image_raw
  timeshift_cam_imu: -6.399908150871577e-05
cam1:
  T_cam_imu:
  - [0.012277841180504123, 0.9997359553209718, -0.019423548965366518, -0.0439197036206769]
  - [-0.9997140479091643, 0.012671573877974018, 0.02027938925431915, -0.013955097889954825]
  - [0.020520161525179697, 0.01916900764042627, 0.9996056583058449, -0.0018019273104514742]
  - [0.0, 0.0, 0.0, 1.0]
  T_cn_cnm1:
  - [0.9999965059791217, 0.002368481527112288, 0.0011740207817076726, -0.1099205162012991]
  - [-0.0023847441780407356, 0.9998984519922565, 0.014049864721272525, 0.0002888053209313859]
  - [-0.0011406247171854848, -0.014052615369975987, 0.9999006065487258, -0.00017540559481643575]
  - [0.0, 0.0, 0.0, 1.0]
  cam_overlaps: [0]
  camera_model: pinhole
  distortion_coeffs: [-0.2929097975426335, 0.0837519854227472, 0.0004544777981521998,
    -1.5752147686857926e-05]
  distortion_model: radtan
  intrinsics: [458.8576896940234, 458.68794170806575, 377.05381063481383, 251.95840989112463]
  resolution: [752, 480]
  rostopic: /cam1/image_raw
  timeshift_cam_imu: -5.821267491940574e-05
