%YAML:1.0
---
type: IMU
name: xr50
Gyr:
   unit: " rad/s"
   avg-axis:
      gyr_n: 3.8714737426960009e-03
      gyr_w: 2.8563116323673208e-05
   x-axis:
      gyr_n: 5.5898621680596531e-03
      gyr_w: 4.3102347651799365e-05
   y-axis:
      gyr_n: 2.8041886186509091e-03
      gyr_w: 2.3887911467568034e-05
   z-axis:
      gyr_n: 3.2203704413774413e-03
      gyr_w: 1.8699089851652240e-05
Acc:
   unit: " m/s^2"
   avg-axis:
      acc_n: 3.0681471473272881e-02
      acc_w: 6.4587182624558422e-04
   x-axis:
      acc_n: 2.5712364122370188e-02
      acc_w: 5.7621501052507467e-04
   y-axis:
      acc_n: 2.1646920869474069e-02
      acc_w: 3.4558003665312786e-04
   z-axis:
      acc_n: 4.4685129427974389e-02
      acc_w: 1.0158204315585501e-03
