cam0:
  cam_overlaps: [1]
  camera_model: omni
  distortion_coeffs: [-0.09779482882520649, 0.49613817591180853, 0.001997625115309874,
    -0.0013355712819770515]
  distortion_model: radtan
  intrinsics: [1.787834241220874, 774.0296906695784, 773.5172723077987, 312.0137799575718,
    203.34066991604752]
  resolution: [640, 400]
  rostopic: /xv_sdk/xv_dev/fisheye_cameras/right/image
cam1:
  T_cn_cnm1:
  - [0.999928088839118, 0.009754986335361603, 0.0069754850827499605, -0.0501354467344943]
  - [-0.009731816821912247, 0.9999470404939972, -0.0033478274500042455, -0.00035328885764285734]
  - [-0.007007773675533809, 0.0032797025607765895, 0.9999700668816138, 0.0004041225433142692]
  - [0.0, 0.0, 0.0, 1.0]
  cam_overlaps: [0]
  camera_model: omni
  distortion_coeffs: [-0.05454379231255376, 0.330080032052903, 0.0017729025820367877,
    -0.00040082602370264164]
  distortion_model: radtan
  intrinsics: [1.8045872235794047, 784.5147297895924, 783.900189997403, 320.65178572566657,
    212.48084208535332]
  resolution: [640, 400]
  rostopic: /xv_sdk/xv_dev/fisheye_cameras/left/image
